64
99
99
99
99
99
78
-1
99
99
78
99
99
99
96
99
78
78
-1
78
78
64
99
99
99
-1
96
-1
96
99
-1
99
64
78
64
99
99
96
99
99
96
-1
99
96
99
99
99
99
96
64
78
99
99
-1
99
99
99
99
96
64
99
99
99
99
78
99
99
-1
96
99
99
78
99
96
99
-1
96
99
78
78
64
99
99
-1
78
-1
-1
64
99
96
-1
99
99
99
99
99
99
78
99
99
99
99
99
99
99
78
78
64
99
99
78
99
99
99
96
78
-1
99
99
99
99
-1
99
96
99
96
96
96
99
78
99
99
96
-1
96
96
78
99
-1
99
-1
64
99
99
99
-1
99
96
78
96
99
78
99
64
99
99
96
-1
64
99
99
78
64
99
99
96
96
96
99
78
-1
99
78
99
99
96
-1
99
-1
96
99
96
99
99
78
99
96
64
99
99
99
99
99
78
78
99
96
-1
96
99